1, 5, 1, 60.0, 22/59/2019, 0, false
2, 3, 2, 80.0, 22/59/2019, 0, false
3, 3, 2, 80.0, 22/59/2019, 0, false
4, 5, 1, 60.0, 22/59/2019, 0, false
5, 5, 1, 60.0, 22/08/2019, 0, false
6, 5, 1, 60.0, 22/16/2019, 0, false
7, 5, 1, 60.0, 22/17/2019, 0, false
8, 5, 1, 60.0, 22/19/2019, 0, false
9, 5, 1, 60.0, 22/19/2019, 0, false
10, 5, 1, 60.0, 22/20/2019, 0, false
11, 5, 1, 60.0, 22/38/2019, 0, false
12, 5, 1, 60.0, 22/38/2019, 0, false
13, 5, 1, 60.0, 22/38/2019, 0, false
14, 5, 1, 60.0, 22/38/2019, 0, false
